[[ 0.00000000e+00  5.95194008e-02  1.24838003e-01  1.62537923e-01
   2.51383467e-01  2.26637656e-01  2.38558064e-01  1.17566462e-01
   2.36193125e-01  3.19183190e-01  2.17791497e-01  9.90812779e-02
   1.98687545e-01  2.11893165e-01  2.54958606e-01  1.60503751e-01
   1.43928370e-01  1.25314300e-01  2.09898232e-03  5.72892769e-02
  -9.98093173e-02 -8.12281242e-02 -1.63090416e-01 -2.82142317e-01
  -2.54576713e-01 -2.60577155e-01 -2.74532643e-01 -2.21148566e-01
  -1.40206388e-01 -1.90261965e-01 -1.19412613e-01 -1.82592846e-01
  -2.09348857e-01 -9.12661249e-02 -1.17507051e-01 -1.22508547e-01
  -1.72853811e-01 -1.84219756e-01 -1.21701824e-01 -1.32200690e-01
  -2.32095299e-01 -3.06794485e-01 -2.20850698e-01 -2.01896609e-01
  -1.72984557e-01 -2.21542395e-01 -2.65889929e-01 -2.07862950e-01
  -1.64338231e-01 -1.32873960e-01 -1.23524716e-01 -1.68796157e-01
  -1.76749751e-01 -1.51465533e-01 -8.85752218e-02 -1.18618173e-01
  -1.27455701e-01 -1.64158131e-01 -2.43491371e-01 -2.18615842e-01
  -2.67751275e-02 -1.21875727e-02  2.67205010e-02 -7.17267911e-02
  -9.28981442e-02 -5.50867381e-02  6.34782049e-02  1.30995845e-01
   1.35565428e-01  2.90936891e-01  2.47505754e-01  2.36423230e-01
   1.23756531e-01  1.15669357e-01  1.52652366e-01  2.53407075e-01
   1.89604912e-01  2.15946183e-01  2.27279141e-01  2.27014990e-01
   2.29093166e-01  1.94164529e-01  2.28210980e-01  1.93736549e-01
   1.85878328e-01  2.33557075e-01  1.91688918e-01  2.53023520e-01
   1.28542636e-01  1.31966871e-01  2.06168091e-01  2.32673645e-01
   2.64375742e-01  1.45909066e-01  1.64831831e-01  2.00937728e-01
   2.01250299e-01  1.71227065e-01  1.18810767e-01  1.35367782e-01
   1.93445020e-01  1.53204514e-01  2.30692855e-01  2.37697242e-01
   1.60931392e-01  1.50389240e-01  1.08109527e-01  7.27063710e-02
   7.41086099e-02 -3.54807121e-04  6.24405828e-02  1.02366985e-02
  -4.87405719e-03 -9.64812682e-02 -9.63580575e-02 -1.25197167e-02
   5.82235083e-03  1.10266431e-02 -2.34366891e-02 -3.20018270e-02
  -2.69434725e-02 -2.31354361e-02 -1.09928661e-01 -5.14568109e-02
  -1.65715435e-01 -2.44398238e-01 -2.32702049e-01 -1.74654696e-01
  -2.31479247e-01 -1.33300881e-01 -1.95589737e-01 -1.39865992e-01
  -1.27705295e-01 -1.94394948e-01 -1.93129689e-01 -2.39325568e-01
  -2.45992166e-01 -2.24429018e-01 -2.76338086e-01 -1.95977395e-01
  -1.56957702e-01 -1.44949173e-01 -1.35850998e-01 -2.44462380e-01
  -2.39475647e-01 -3.38468912e-01 -3.27237836e-01 -3.85818239e-01
  -3.20758723e-01 -2.27777081e-01 -1.13479660e-01 -1.47421763e-01
  -1.72361760e-01 -2.24121170e-01 -1.62544089e-01 -1.27235196e-01
  -8.56897055e-02 -2.19672515e-02  2.78629280e-02 -1.64160475e-02
  -3.55203972e-02 -9.29394181e-02 -1.27991195e-01 -9.01693205e-02
  -6.09733552e-02 -5.03766531e-02 -1.19529423e-01  6.04662418e-02
   4.48772436e-02  5.72781619e-02  4.75299796e-02  6.97335674e-02
   1.45813516e-01  1.84154272e-01  1.58888044e-01  1.74261496e-01
   1.86673376e-01  1.50238969e-01  2.64438280e-01  3.10442537e-01
   2.93120558e-01  1.95854394e-01  3.00252925e-01  3.37958308e-01
   3.02501999e-01  1.83313247e-01  1.71494252e-01  1.84984162e-01
   1.81918582e-01  1.65186605e-01  1.91020150e-01  1.46002550e-01
   2.06853833e-01  1.98597599e-01  1.81790938e-01  2.13233021e-01
   2.96879304e-01  2.42019614e-01  3.05176863e-01  2.54886244e-01
   2.60052366e-01]
 [ 0.00000000e+00  0.00000000e+00  1.19038802e-02  3.68714808e-02
   6.93790655e-02  1.19655759e-01  1.64983290e-01  2.12694903e-01
   2.36208195e-01  2.83446820e-01  3.47283458e-01  3.90841758e-01
   4.10658013e-01  4.50395522e-01  4.92774155e-01  5.43765877e-01
   5.75866627e-01  6.04652301e-01  6.29715161e-01  6.30134957e-01
   6.41592813e-01  6.21630949e-01  6.05385324e-01  5.72767241e-01
   5.16338778e-01  4.65423435e-01  4.13308004e-01  3.58401475e-01
   3.14171762e-01  2.86130485e-01  2.48078092e-01  2.24195569e-01
   1.87677000e-01  1.45807229e-01  1.27554004e-01  1.04052593e-01
   7.95508840e-02  4.49801218e-02  8.13617054e-03 -1.62041942e-02
  -4.26443322e-02 -8.90633919e-02 -1.50422289e-01 -1.94592429e-01
  -2.34971750e-01 -2.69568662e-01 -3.13877141e-01 -3.67055127e-01
  -4.08627717e-01 -4.41495363e-01 -4.68070155e-01 -4.92775098e-01
  -5.26534330e-01 -5.61884280e-01 -5.92177386e-01 -6.09892431e-01
  -6.33616065e-01 -6.59107205e-01 -6.91938832e-01 -7.40637106e-01
  -7.84360274e-01 -7.89715300e-01 -7.92152814e-01 -7.86808714e-01
  -8.01154072e-01 -8.19733701e-01 -8.30751049e-01 -8.18055408e-01
  -7.91856239e-01 -7.64743153e-01 -7.06555775e-01 -6.57054624e-01
  -6.09769978e-01 -5.85018672e-01 -5.61884801e-01 -5.31354328e-01
  -4.80672913e-01 -4.42751930e-01 -3.99562694e-01 -3.54106865e-01
  -3.08703867e-01 -2.62885234e-01 -2.24052328e-01 -1.78410132e-01
  -1.39662823e-01 -1.02487157e-01 -5.57757419e-02 -1.74379584e-02
   3.31667457e-02  5.88752730e-02  8.52686472e-02  1.26502265e-01
   1.73036994e-01  2.25912143e-01  2.55093956e-01  2.88060322e-01
   3.28247868e-01  3.68497927e-01  4.02743340e-01  4.26505494e-01
   4.53579050e-01  4.92268054e-01  5.22908957e-01  5.69047528e-01
   6.16586976e-01  6.48773255e-01  6.78851103e-01  7.00473008e-01
   7.15014282e-01  7.29836004e-01  7.29765043e-01  7.42253159e-01
   7.44300499e-01  7.43325688e-01  7.24029434e-01  7.04757823e-01
   7.02253879e-01  7.03418349e-01  7.05623678e-01  7.00936340e-01
   6.94535975e-01  6.89147280e-01  6.84520193e-01  6.62534461e-01
   6.52243099e-01  6.19100012e-01  5.70220364e-01  5.23679954e-01
   4.88749015e-01  4.42453166e-01  4.15792989e-01  3.76675042e-01
   3.48701844e-01  3.23160785e-01  2.84281795e-01  2.45655857e-01
   1.97790744e-01  1.48592310e-01  1.03706507e-01  4.84388896e-02
   9.24341065e-03 -2.21481297e-02 -5.11379644e-02 -7.83081639e-02
  -1.27200640e-01 -1.75095769e-01 -2.42789552e-01 -3.08237119e-01
  -3.85400767e-01 -4.49552511e-01 -4.95107928e-01 -5.17803860e-01
  -5.47288212e-01 -5.81760564e-01 -6.26584798e-01 -6.59093616e-01
  -6.84540655e-01 -7.01678596e-01 -7.06072047e-01 -7.00499461e-01
  -7.03782670e-01 -7.10886750e-01 -7.29474634e-01 -7.55072873e-01
  -7.73106737e-01 -7.85301408e-01 -7.95376738e-01 -8.19282623e-01
  -8.07189375e-01 -7.98213926e-01 -7.86758293e-01 -7.77252298e-01
  -7.63305584e-01 -7.34142881e-01 -6.97312026e-01 -6.65534418e-01
  -6.30682118e-01 -5.93347443e-01 -5.63299650e-01 -5.10411994e-01
  -4.48323486e-01 -3.89699375e-01 -3.50528496e-01 -2.90477911e-01
  -2.22886249e-01 -1.62385849e-01 -1.25723200e-01 -9.14243495e-02
  -5.44275171e-02 -1.80438007e-02  1.49935202e-02  5.31975503e-02
   8.23980603e-02  1.23768827e-01  1.63488347e-01  1.99846534e-01
   2.42493138e-01  3.01868999e-01  3.50272922e-01  4.11308295e-01
   4.62285543e-01]]