[[-9.04948667e-02  4.42499354e-01 -3.68715193e-01  5.48913299e-02
  -1.30032413e+00  8.66590145e-01  6.87650095e-01 -8.28981528e-01
  -7.62150109e-01 -2.38092838e-01  1.39101363e+00 -2.09242229e-01
   3.67432909e-01 -1.31403342e-01 -1.54788749e-01 -1.97662032e-01
   4.57473913e-01  2.12888183e+00  3.31648273e+00  1.25794815e+00
   9.87426993e-01  1.52531067e+00 -5.52846865e-01  7.61592035e-01
   3.28730950e-02 -1.04893474e+00  2.18459036e-01  1.84892409e+00
   1.59391419e+00 -1.63727321e-01  1.10891076e+00 -3.26450255e-01
  -7.00835374e-01  8.13115736e-01 -3.49319203e-01 -7.05218404e-01
   1.28086367e+00  7.31433757e-02 -2.16537908e+00  9.16157633e-01
   4.78160701e-01  2.30499571e-01  3.20680751e-01  9.83571176e-01
   4.80544771e-01  3.80333511e-01 -7.13613507e-01  9.86639351e-01
  -2.62200794e+00 -2.38854981e-01 -8.37416505e-01 -2.14051946e+00
  -1.56313261e+00  1.19596949e+00 -1.25255725e+00  4.01944523e-01
  -1.60456874e+00  9.26667499e-01  1.35011578e-01  7.02507612e-01
  -9.15151188e-01 -1.35748951e+00 -1.00339485e+00 -1.57392254e+00
   6.61818187e-01 -2.20439686e+00 -7.11662964e-01  3.85431518e-01
  -1.25178939e+00 -2.13652694e+00 -1.53480616e-01 -2.04452374e+00
   9.66335534e-01  2.35584428e-01 -1.45983586e+00  5.17061539e-01
  -1.22570823e+00 -1.04388731e+00  5.17288857e-01  1.04568628e-01
   2.11384011e-01  2.21278769e-01 -6.25195992e-02  4.72201041e-01
   8.03191591e-02 -2.95456075e-01 -6.81941305e-01  1.92851748e-01
  -2.58919698e+00  2.77876822e+00 -6.35012679e-01 -1.56021622e+00
  -5.79350830e-01  2.98384118e-01  1.76724103e+00 -1.31463629e+00
   1.47098112e+00  7.71374463e-02  1.56155910e+00  8.13002168e-01
   1.25446296e+00  1.17075777e+00 -1.07771157e+00 -4.65890852e-01
   1.69073613e-01  4.53240619e-01  1.37129364e+00  1.01187859e+00
  -3.94022739e-01  2.12739792e+00  4.26873986e-01  1.70600204e+00
   1.33072329e+00  6.15945789e-01  3.04231994e-01  1.03781514e+00
   9.86739765e-01  2.34449292e+00  1.17870581e-01 -9.28692662e-01
   1.42962022e+00  1.37768022e-01  1.07656232e+00  1.02342448e+00
   2.43873191e+00 -6.24045787e-01  1.93439085e+00  2.27350195e-02
  -1.11967694e-01  1.14706230e-01 -2.07847033e+00 -9.16230212e-01
   1.65214084e+00 -8.92978371e-01  1.72863795e+00 -2.22602820e-01
  -1.37664325e+00  4.21516188e-01  3.75540705e-01 -3.41010534e-02
   5.92775933e-01 -1.41525548e+00 -1.20284732e+00  1.05464122e-02
  -5.43425377e-01  5.86544082e-01  1.73785767e-01  3.77116748e-01
  -7.40339366e-02  2.80225857e-01 -2.31127410e+00  8.08578461e-02
  -7.08181571e-01 -1.98914429e+00  2.77668554e-01 -5.20711767e-01
  -9.89374268e-01  4.85661104e-01  2.75029544e+00 -3.23289994e-01
   8.09656907e-01 -1.68525863e+00 -6.76629896e-01 -5.36698664e-01
  -2.32214071e+00  1.39421524e-01 -1.40046625e+00 -1.27594001e+00
   1.69142825e+00 -3.00635179e-01 -8.18804146e-01  8.00528809e-01
  -1.13313216e+00 -1.36227422e+00 -2.02714216e+00 -1.50636847e+00
   1.71436393e+00 -1.17203714e-01 -1.20672145e+00 -1.30476280e+00
   2.54828461e-01  5.48946859e-01  2.03153390e-01 -6.14413092e-01
   1.63657176e+00  1.11144062e+00 -8.59836197e-01  2.10485238e-01
   5.50392877e-01  1.89006407e-01 -6.04464564e-01 -1.48818219e-01
  -6.84377503e-01 -8.62778239e-01 -9.08779850e-04  5.99702150e-02
  -2.75659866e-01  4.79836329e-01 -1.35263956e+00 -8.25731049e-01
  -1.08278055e+00]]